	zld_2011_seq	dl_2015_seq	dl_2009_chip	twi_2011_seq	twi_2014_chip	twi_1_2009_chip	twi_2_2009_chip	sna_2014_chip	sna_1_2009_chip	sna_2_2009_chip	bcd_2013_seq	bcd_1_2009_chip	bcd_2_2009_chip	cad_2010_seq	cad_2009_chip	hb_2013_seq	hb_1_2009_chip	hb_2_2009_chip	gt_2013_seq	gt_2009_chip	Kr_2013_seq	kni_2010_seq	hry_1_2009_chip	hry_2_2009_chip
zld_2011_seq	100	-2.9195828261	13.6464810106	-9.8527415687	5.998276632	9.4927633475	11.6844103922	10.9441330723	-7.5922330538	5.2056954694	-7.4728578809	-6.2652336617	-9.0381445147	3.1433787626	-6.7162582425	4.5803083747	-1.7965663874	0.6966683114	-3.246677779	-0.3578223692	3.4710345083	-28.5974344857	-7.4337583179	-9.9576256772
dl_2015_seq	-2.9195828261	99.5104452637	10.4969713654	-4.1154712488	6.9241555568	30.3252029341	24.1228685575	9.8548430011	46.1989241083	38.2149062736	9.6651409673	-35.2558626276	-24.0580077081	16.6622956837	5.6730013019	-20.8046059123	-35.044148334	-26.8526014142	12.6443529978	-4.9976926236	-3.8471732001	-0.3555381696	15.4985817728	11.1280456696
dl_2009_chip	13.6464810106	10.4969713654	100	-17.6563046029	8.0849519786	2.7422830697	4.483254201	-2.4280650746	7.9107341326	11.3574972221	8.4778884681	-4.8822061856	1.3257128629	9.3794248439	6.5078516656	13.2634291477	4.8159785159	1.9939252921	-11.8210865457	-10.0467969278	3.4036278879	14.7151207948	2.5223831254	-6.3156315887
twi_2011_seq	-9.8527415687	-4.1154712488	-17.6563046029	100	15.8664252905	32.9169705248	33.0005854132	7.2920434551	16.4709976705	21.3035635888	4.8495217238	6.2410904484	-8.2759483812	5.8583715202	3.596422175	0.5285354582	-3.6771164794	-3.5964713736	-3.7718341354	-3.0423032797	-1.6305530903	-43.5328723368	-2.2860760233	0.5058674236
twi_2014_chip	5.998276632	6.9241555568	8.0849519786	15.8664252905	100	24.693495963	26.6537263565	15.0758988029	24.2769591853	10.6803821476	-4.9555267807	4.1276244298	6.3810192485	9.7663242205	1.09011316	4.3607220933	6.1734964779	6.7367623795	11.3882474137	4.6941952778	4.557009827	7.8207139654	9.4575015525	4.1143194771
twi_1_2009_chip	9.4927633475	30.3252029341	2.7422830697	32.9169705248	24.693495963	100	96.3672410095	11.5083070214	38.3581174773	38.3441454152	-1.6066986452	-20.2185616694	-24.7177564651	7.8363082581	-10.5458106152	1.1322693059	-10.1415815478	-5.9287222214	0.5567050061	-5.9675132803	0.8210922367	-10.7861691912	-0.0315349301	-5.3187251805
twi_2_2009_chip	11.6844103922	24.1228685575	4.483254201	33.0005854132	26.6537263565	96.3672410095	100	8.8256363782	34.8204042262	37.7061899703	-6.655407574	-25.5553960494	-21.225498762	8.9418455148	-10.5156640729	2.2770265595	-14.5033105711	-4.8529438285	2.0303005596	-0.2082958989	2.2862106322	-10.1222313248	1.053030662	-3.8569702108
sna_2014_chip	10.9441330723	9.8548430011	-2.4280650746	7.2920434551	15.0758988029	11.5083070214	8.8256363782	100	-3.4707753913	5.3992986278	5.8422210693	-4.9608381609	-1.6750082829	7.6690203087	0.6602544665	11.0706511582	8.457186185	8.2494731718	13.4984087284	4.3887427142	7.9410543043	6.5638998824	14.2928952063	4.8886736952
sna_1_2009_chip	-7.5922330538	46.1989241083	7.9107341326	16.4709976705	24.2769591853	38.3581174773	34.8204042262	-3.4707753913	100	93.219128974	8.2558523182	-3.2998780776	-23.1574013419	-6.606621077	1.8566973612	-5.3981335604	1.5701698342	-6.1511590401	-18.3142016861	8.9601252503	-31.7384000569	-9.3135677345	55.0188265343	1.7164532825
sna_2_2009_chip	5.2056954694	38.2149062736	11.3574972221	21.3035635888	10.6803821476	38.3441454152	37.7061899703	5.3992986278	93.219128974	100	3.9205890623	-11.9599050574	-10.2676345042	16.1512046578	11.9839822963	-6.1913440122	-22.9341691462	-8.340964508	-8.2624462149	9.3005370928	0.6732207205	-17.4880740635	0.7577813847	-11.5461509632
bcd_2013_seq	-7.4728578809	9.6651409673	8.4778884681	4.8495217238	-4.9555267807	-1.6066986452	-6.655407574	5.8422210693	8.2558523182	3.9205890623	100	54.5721437486	55.6191506184	15.1137589646	11.452595449	25.3882162602	29.394144145	32.7538246792	11.4781493893	15.8024014071	34.3373995665	1.2678313847	27.2977157453	21.8863294708
bcd_1_2009_chip	-6.2652336617	-35.2558626276	-4.8822061856	6.2410904484	4.1276244298	-20.2185616694	-25.5553960494	-4.9608381609	-3.2998780776	-11.9599050574	54.5721437486	100	81.7561613194	8.0019970336	18.4398496545	32.8678167034	49.40745666	34.2053999816	7.5397522378	20.4500704164	19.742951002	19.0110775583	-22.9782703114	-19.1843453587
bcd_2_2009_chip	-9.0381445147	-24.0580077081	1.3257128629	-8.2759483812	6.3810192485	-24.7177564651	-21.225498762	-1.6750082829	-23.1574013419	-10.2676345042	55.6191506184	81.7561613194	100	15.5337351015	24.8496101361	32.6920445162	54.5794044447	45.1286371157	9.8600001672	10.7101593965	22.5524759914	17.4346706234	-6.448813977	-0.1190716377
cad_2010_seq	3.1433787626	16.6622956837	9.3794248439	5.8583715202	9.7663242205	7.8363082581	8.9418455148	7.6690203087	-6.606621077	16.1512046578	15.1137589646	8.0019970336	15.5337351015	100	52.9731781336	31.9395086301	25.6962222784	27.7227786474	16.8671519342	19.7051461629	32.2193462633	12.8067011485	6.6945959822	8.9622236441
cad_2009_chip	-6.7162582425	5.6730013019	6.5078516656	3.596422175	1.09011316	-10.5458106152	-10.5156640729	0.6602544665	1.8566973612	11.9839822963	11.452595449	18.4398496545	24.8496101361	52.9731781336	100	28.9685697387	43.0785405333	45.7363771305	24.3740127658	19.3349095287	27.5618104268	-3.0900451865	12.8953139813	20.2188286951
hb_2013_seq	4.5803083747	-20.8046059123	13.2634291477	0.5285354582	4.3607220933	1.1322693059	2.2770265595	11.0706511582	-5.3981335604	-6.1913440122	25.3882162602	32.8678167034	32.6920445162	31.9395086301	28.9685697387	99.7835787805	63.9892592073	73.4928751516	19.8222508316	28.3107761422	17.122617766	45.4624342892	-3.5437133903	2.0276225145
hb_1_2009_chip	-1.7965663874	-35.044148334	4.8159785159	-3.6771164794	6.1734964779	-10.1415815478	-14.5033105711	8.457186185	1.5701698342	-22.9341691462	29.394144145	49.40745666	54.5794044447	25.6962222784	43.0785405333	63.9892592073	100	85.5469962565	17.4426069057	26.28795453	27.021575663	12.3267706623	14.4922842622	22.1890435222
hb_2_2009_chip	0.6966683114	-26.8526014142	1.9939252921	-3.5964713736	6.7367623795	-5.9287222214	-4.8529438285	8.2494731718	-6.1511590401	-8.340964508	32.7538246792	34.2053999816	45.1286371157	27.7227786474	45.7363771305	73.4928751516	85.5469962565	100	12.2128301698	21.2120944655	19.5850642842	22.3485828119	25.8492337859	34.818344517
gt_2013_seq	-3.246677779	12.6443529978	-11.8210865457	-3.7718341354	11.3882474137	0.5567050061	2.0303005596	13.4984087284	-18.3142016861	-8.2624462149	11.4781493893	7.5397522378	9.8600001672	16.8671519342	24.3740127658	19.8222508316	17.4426069057	12.2128301698	100	58.7900266142	35.1593131685	13.3887927889	-15.2703740651	-4.6606704994
gt_2009_chip	-0.3578223692	-4.9976926236	-10.0467969278	-3.0423032797	4.6941952778	-5.9675132803	-0.2082958989	4.3887427142	8.9601252503	9.3005370928	15.8024014071	20.4500704164	10.7101593965	19.7051461629	19.3349095287	28.3107761422	26.28795453	21.2120944655	58.7900266142	100	26.7470053476	34.4331100621	-1.5624849201	-7.6207638432
Kr_2013_seq	3.4710345083	-3.8471732001	3.4036278879	-1.6305530903	4.557009827	0.8210922367	2.2862106322	7.9410543043	-31.7384000569	0.6732207205	34.3373995665	19.742951002	22.5524759914	32.2193462633	27.5618104268	17.122617766	27.021575663	19.5850642842	35.1593131685	26.7470053476	99.5567645734	5.5180094889	5.3019192542	7.4664742187
kni_2010_seq	-28.5974344857	-0.3555381696	14.7151207948	-43.5328723368	7.8207139654	-10.7861691912	-10.1222313248	6.5638998824	-9.3135677345	-17.4880740635	1.2678313847	19.0110775583	17.4346706234	12.8067011485	-3.0900451865	45.4624342892	12.3267706623	22.3485828119	13.3887927889	34.4331100621	5.5180094889	100	-3.0568811043	8.7285130827
hry_1_2009_chip	-7.4337583179	15.4985817728	2.5223831254	-2.2860760233	9.4575015525	-0.0315349301	1.053030662	14.2928952063	55.0188265343	0.7577813847	27.2977157453	-22.9782703114	-6.448813977	6.6945959822	12.8953139813	-3.5437133903	14.4922842622	25.8492337859	-15.2703740651	-1.5624849201	5.3019192542	-3.0568811043	100	91.8163565527
hry_2_2009_chip	-9.9576256772	11.1280456696	-6.3156315887	0.5058674236	4.1143194771	-5.3187251805	-3.8569702108	4.8886736952	1.7164532825	-11.5461509632	21.8863294708	-19.1843453587	-0.1190716377	8.9622236441	20.2188286951	2.0276225145	22.1890435222	34.818344517	-4.6606704994	-7.6207638432	7.4664742187	8.7285130827	91.8163565527	100
